3.586
7.627
3.599
7.381
3.604
13.573
9.520
15.013
7.947
11.585
11.052
10.062
8.904
18.910
18.601
21.313
3.671
5.240
8.453
4.634
8.063
6.669
6.669
8.588
12.616
2.527
2.527
2.536
9.373
16.969
11.909
3.480
3.489
6.439
6.439
9.149
2.510
2.519
9.585
9.585
9.585
3.667
3.676
6.773
9.299
3.514
3.514
5.339
11.356
4.380
4.388
4.388
7.587
7.587
10.732
10.740
5.238
12.553
3.537
5.556
5.557
5.557
5.565
10.120
10.120
10.129
13.591
12.760
12.769
3.653
3.660
3.660
3.661
7.638
7.638
13.658
3.893
3.902
3.793
6.203
6.204
6.349
16.872
4.927
4.935
9.530
9.538
9.539
12.721
5.612
7.972
9.743
7.140
3.346
3.355
9.926
9.926
9.934
8.894
7.386
7.033
5.571
5.580
5.580
12.666
16.143
9.252
9.261
9.261
7.128
6.699
20.848
11.244
11.252
3.708
9.835
9.835
9.836
5.267
4.144
11.541
6.445
8.044
12.098
8.002
7.590
7.752
3.551
9.245
12.081
4.143
7.716
11.308
10.412
15.057
20.089
14.111
7.372
10.300
9.005
5.308
8.820
3.327
5.147
5.515
3.917
8.370
10.379
7.273
12.311
10.011
11.563
16.530
13.650
3.335
7.408
6.217
10.471
17.263
8.781
9.042
10.612
7.211
19.656
5.985
8.553
5.624
8.970
4.788
6.933
15.134
7.303
13.846
26.905
9.797
5.627
3.865
3.102
6.201
15.903
7.666
41.512
6.518
20.783
16.177
17.840
19.592
11.068
11.883
5.360
10.702
19.633
13.837
13.702
9.483
10.144
12.890
12.250
9.879
14.073
3.006
22.635
11.956
8.136
26.840
10.825
11.752
61.173
3.661
43.156
