<<<<<<< Updated upstream
9.959289312362671
12.718589544296265
9.981072187423706
10.01919960975647
17.033677577972412
10.088544607162476
13.430098533630371
13.44924807548523
10.057713985443115
20.059088468551636
10.073535203933716
20.09757089614868
13.422854661941528
12.864968299865723
20.14563798904419
13.455803394317627
13.442986726760864
20.114485502243042
10.079577445983887
13.417343854904175
17.13200283050537
13.422566652297974
10.058925151824951
10.05491590499878
20.11567783355713
20.093000650405884
13.411056280136108
17.068225622177124
9.910423517227173
12.66416072845459
12.709626913070679
9.995693445205688
13.3258957862854
12.852386474609375
10.094980955123901
20.17060923576355
17.219006538391113
25.653217554092407
20.174920320510864
12.995970964431763
25.729418516159058
17.29270887374878
13.585561513900757
25.74713158607483
12.997918128967285
20.269341707229614
13.549456596374512
13.543123722076416
13.528946161270142
25.81106925010681
10.114999294281006
17.276662349700928
13.541505575180054
12.960708141326904
12.926843166351318
25.79798436164856
10.054416418075562
12.851173162460327
25.789605855941772
9.841625928878784
13.364130020141602
12.847852945327759
19.958672285079956
17.178881645202637
20.090582847595215
10.130378723144531
25.6485435962677
17.25686550140381
25.675896644592285
12.98511028289795
20.218766927719116
17.289491891860962
25.69769859313965
17.270143747329712
13.55597448348999
12.978657007217407
20.270498752593994
13.57749629020691
25.856149911880493
12.994431018829346
17.331721305847168
10.135929822921753
13.554216623306274
12.975273609161377
17.284504890441895
20.29860496520996
25.911071062088013
10.12501311302185
12.949140071868896
20.246742725372314
17.242089986801147
17.23580837249756
13.48772120475769
12.900152921676636
17.22253131866455
13.452647924423218
10.139278650283813
20.256293773651123
17.24479913711548
10.155559301376343
20.241859912872314
10.14386248588562
20.2050461769104
20.203109741210938
20.20194411277771
10.014380931854248
9.901289701461792
13.27254605293274
12.715771913528442
16.935052156448364
10.027972221374512
13.376615285873413
17.04926347732544
10.04378604888916
12.82079291343689
10.011729717254639
17.058612823486328
10.0236496925354
17.07171106338501
=======
9.568
9.137
13.242
7.047
10.617
11.117
5.641
10.263
10.286
9.234
17.046
16.508
10.028
8.725
7.043
8.337
10.812
14.783
18.688
8.848
5.295
6.091
5.620
7.486
5.220
15.721
8.896
7.027
15.232
14.071
11.593
12.042
9.472
13.185
17.914
11.073
10.862
14.277
10.105
9.370
15.455
5.639
10.289
6.095
15.117
12.726
9.851
7.266
13.703
9.526
13.519
7.383
10.112
13.633
10.545
15.473
5.632
11.958
6.938
10.099
12.775
16.118
5.443
4.399
7.395
9.234
17.911
14.775
10.881
7.391
10.590
5.153
11.550
13.860
7.952
11.135
10.955
4.663
9.671
15.454
8.618
4.300
7.046
14.122
6.937
11.914
14.125
7.289
6.926
7.274
9.027
19.588
10.452
13.132
10.295
17.327
11.233
12.037
11.516
10.233
17.054
26.383
10.972
7.177
9.233
12.438
6.246
13.721
11.759
11.478
16.205
21.169
19.224
7.065
12.625
5.534
27.919
5.156
7.455
12.740
5.739
22.261
7.473
20.825
5.259
6.132
12.842
9.964
13.902
16.566
11.634
20.160
19.422
6.763
8.846
11.927
9.460
11.690
22.542
4.378
11.187
15.748
6.134
8.342
38.587
10.615
12.347
9.246
39.023
7.273
13.298
10.425
9.781
14.307
7.091
8.183
11.276
11.437
17.847
10.252
9.445
8.350
14.554
4.290
10.858
10.503
9.681
13.726
10.400
16.856
9.051
13.545
10.626
15.296
8.616
14.970
11.350
7.792
7.014
10.802
12.810
12.234
5.327
8.613
7.700
7.039
13.424
7.286
8.732
10.801
7.287
10.132
9.250
8.218
7.159
5.452
4.659
10.226
5.510
19.852
15.452
6.910
7.378
12.238
6.761
16.257
7.292
16.563
6.906
8.885
8.866
15.074
11.086
10.487
21.797
10.451
21.298
14.393
7.886
9.011
5.451
8.534
17.338
13.910
7.797
15.782
12.077
7.986
9.099
9.866
8.457
17.730
11.499
13.931
10.305
5.551
13.759
10.235
12.472
10.308
8.561
12.966
5.793
9.273
11.525
7.091
15.538
10.358
7.436
15.280
10.429
11.936
8.559
7.080
11.940
10.637
10.052
9.571
7.114
5.184
16.937
8.381
5.381
9.079
11.963
6.104
10.283
13.769
7.121
10.648
20.141
7.398
12.583
8.179
5.284
9.606
12.990
9.888
13.238
13.171
8.777
15.290
11.970
7.311
5.967
5.546
10.523
16.030
17.728
11.138
9.472
>>>>>>> Stashed changes
